179004
373672
399365
389733
419066
59732
458127
180016
316771
258886
323661
83465
124963
349472
265555
111955
310315
456630
473589
206070
32885
180990
427583
422200
227595
124317
393339
231682
37885
147441
392764
396576
173147
385643
256724
154861
297462
110738
373924
58750
6419
177828
318906
155789
472080
296368
400976
20575
248958
476653
229991
195988
298701
229113
230914
277442
264116
42473
254206
25305
168221
114634
386200
126623
129582
59514
178921
300323
47882
131857
100844
182516
490540
163726
231793
387908
499858
247716
248667
337152
110412
117476
401704
50067
406894
115280
365935
366084
28497
451320
332569
122863
490240
79651
21957
462268
468270
498532
112632
418688
441539
216698
86800
103817
211810
275395
67141
106385
407067
490923
432907
45304
356778
187374
250317
222638
486189
189581
167143
150353
283407
483834
478887
277799
119563
276338
227944
243056
104659
212620
462898
325720
60505
332068
480177
402554
264493
281074
282972
342442
246503
26180
13675
290757
486949
256987
184697
425653
30991
394116
10776
94109
11359
429900
72747
424165
397977
259313
112140
153087
472070
273173
384351
292443
403879
14870
364970
34767
206093
138590
11928
245422
99660
469160
235500
276024
39581
239500
445150
491701
49687
415541
78728
43229
228675
425156
162891
436415
123487
473941
358539
333611
246743
179722
213375
416263
288529
156257
467313
347642
389068
425802
136701
251408
463880
267729
474699
464525
319424
7201
450645
306502
22329
387636
500557
111483
485410
331322
23272
352059
449711
410399
221306
139216
118935
416659
420737
369853
43630
289137
54952
269201
7966
349377
498859
439035
357490
87658
255662
194017
463260
52955
355857
404003
31839
215050
56550
385856
192193
295438
339901
404159
177602
320320
226618
279300
475927
470204
354226
449122
249327
262287
459843
484388
274536
462760
167400
390534
263441
193239
408116
345127
302731
454331
311463
133670
19789
143795
164631
171392
358224
13143
320179
336855
302337
229575
319942
359956
482655
329702
68134
245601
62376
321524
165731
305242
100438
329493
371331
115872
207807
21640
38771
218385
327924
164075
49251
281707
162541
17795
403605
254548
204776
308858
160818
471215
465794
54367
396370
329008
237628
128172
91291
395615
238960
441675
451885
196132
132164
165220
166820
280883
140310
312942
213930
59633
278405
435431
8894
176680
68355
429719
421662
186656
16760
232543
237126
234005
352951
113133
281350
137887
261595
75037
205284
63874
422426
188177
416995
309033
143662
27044
353847
233101
236287
365992
481184
77180
231741
220256
334801
489133
458009
244309
476804
27216
361631
390060
303909
133224
157841
318823
10038
349345
135289
310779
370540
238311
24347
307073
189919
380346
400712
156777
385123
81845
376632
168822
213625
304541
222298
55240
363893
17324
441206
400007
294103
294563
37930
202077
184741
84769
41415
439759
163065
132486
178252
149452
496076
14733
386932
413204
301844
460370
322666
118264
333482
322689
394640
256490
433586
184055
74886
122250
84003
95996
166446
211772
324525
21314
208528
91725
453431
377583
383394
170451
67449
196713
224651
12359
431100
434274
45674
126281
23365
447832
35351
313800
127047
240487
383
405778
358887
289399
293228
94232
427707
139818
350048
92717
3762
252153
159432
343212
95520
120228
65231
206937
175034
263500
443552
423626
319946
188760
105565
98041
72454
300221
241868
461741
358520
64732
455638
361961
190810
266733
428867
71118
32570
138526
495597
198594
346818
427990
198801
430748
260311
436598
336183
317027
307438
21114
225339
406145
55683
219418
236201
478246
73117
272201
98199
313641
363181
350771
313001
299490
159879
391431
326699
103209
223003
328830
242374
183530
52461
90353
395699
61665
466378
194869
407845
488471
454419
163737
142614
416349
223757
81079
139856
218015
312149
348626
156685
257512
141592
18445
500143
48679
474600
378674
368555
257031
88896
52142
423080
496633
378902
234801
417695
83270
414742
30484
136961
174882
282350
264286
297942
290976
124618
409039
95092
38682
344207
380944
4487
57241
296853
199993
387313
375786
92947
92278
102054
221055
315818
146545
375299
120737
257393
430492
366944
286194
41820
400287
121094
265657
361056
433403
273941
288110
60988
321118
433669
426027
255091
9436
82075
409744
176020
318364
58308
160637
44564
51139
432048
10989
296077
438629
382794
440653
354990
291496
359263
492508
464864
442366
458949
495002
95759
47245
419966
318308
145610
119019
367982
93224
80589
197599
174523
37519
431233
80208
318496
278819
403279
154764
106515
66174
372012
39859
65586
422182
501493
2050
6055
369218
253522
301871
389497
486290
470776
7140
202833
336906
360111
285626
33870
494692
394689
99129
460900
244740
322446
265167
241522
203422
141211
390134
204368
17839
204572
391366
494162
372865
284396
190653
50536
211272
59481
264853
148469
313118
396136
451052
345934
16929
172205
2967
97611
101289
236291
134298
305661
371406
152312
169545
46657
469387
116379
379667
161238
203161
335363
162127
302261
40039
441858
388894
183143
351514
107205
40829
334563
47341
386734
258300
51238
142687
257537
261359
476000
241739
451029
475656
467001
422170
405319
314869
200499
374794
217267
258383
107576
426816
351259
427049
210312
441505
29731
271552
290489
82918
278313
89492
199424
236721
75835
260680
4981
68981
72475
113907
225466
495877
70384
423571
135999
457215
16605
236246
367076
442842
243005
475528
14539
93633
185641
304269
102669
472804
17782
174753
165428
214400
364132
477716
277226
195126
423709
479287
120029
214265
46429
253130
148103
208337
201114
16689
222603
186356
330463
359124
22744
218916
225620
244022
157463
447676
89125
63305
398877
487517
258694
437087
481763
57687
353666
266005
85811
239814
453644
127360
290250
273308
84895
425584
338672
78275
488490
352135
187966
485321
71949
28804
423825
434996
350176
54670
375794
287252
44626
448811
240351
96791
231712
18868
493206
154572
9864
35898
336290
483633
130977
318396
411334
158385
121900
401661
397532
446413
321864
173816
215942
362888
400448
178523
309882
340278
271260
239661
341235
252299
327386
317004
341851
408336
497307
423078
136417
250611
73827
88403
269781
286966
457531
191812
192964
442783
36714
6448
302572
76560
420910
391780
181664
183754
245085
490726
18070
394055
389775
355767
311855
444149
16629
148268
480789
392732
290696
164287
151351
109414
240828
423460
130245
381927
33744
108495
308062
28214
498083
179636
279912
125711
219466
77427
83967
186848
29817
413934
454706
14664
69511
268647
46415
128779
30146
270312
144678
489870
339608
134822
262915
363913
153902
325339
231376
95489
1271
53609
74544
98186
116520
5632
452747
15801
437504
377705
446898
337865
209402
500686
159323
227785
37083
404496
4099
303414
422537
223502
492776
142144
299017
314376
498530
501070
437802
446114
300784
273226
285286
412243
420683
156343
301404
191806
421101
317566
383356
375991
